0	340.36568	413.50211	209.3551	340.44094	413.74843	209.90022
0.02	340.36568	413.50211	210.47114	340.63819	413.93641	209.94944
0.04	340.36568	413.50211	209.55582	340.83448	414.12183	209.99499
0.06	340.36568	414.90858	209.62893	341.02676	414.29903	210.03542
0.08	341.77215	414.90858	210.67037	341.20825	414.45923	210.06707
0.1	341.77215	414.90858	210.58915	341.36878	414.59671	210.08434
0.12	341.77215	414.90858	210.48099	341.50083	414.70936	210.08496
0.14	341.77215	414.90858	210.17035	341.60015	414.79758	210.07072
0.16	341.77215	414.90858	209.78707	341.66468	414.86342	210.04628
0.18	341.77215	414.90858	209.09463	341.69381	414.90983	210.01704
0.2	341.77215	414.90858	209.73245	341.68783	414.94015	209.98592
0.22	341.77215	414.90858	209.48722	341.64769	414.95774	209.95024
0.24	341.77215	414.90858	210.81337	341.57506	414.9657	209.90412
0.26	341.77215	414.90858	210.184	341.47267	414.96678	209.84009
0.28	341.77215	414.90858	210.61986	341.34484	414.96327	209.75537
0.3	341.77215	414.90858	210	341.19832	414.957	209.65136
0.32	340.36568	414.90858	209.17391	341.04332	414.94936	209.535
0.34	340.36568	414.90858	208.92457	340.89275	414.94138	209.41577
0.36	340.36568	414.90858	209.16729	340.75598	414.93372	209.30102
0.38	340.36568	414.90858	209.14616	340.63817	414.92683	209.19481
0.4	340.36568	414.90858	209.20771	340.5413	414.92091	209.09981
0.42	340.36568	414.90858	209.0712	340.46516	414.91606	209.01835
0.44	340.36568	414.90858	208.7091	340.40812	414.91223	208.95338
0.46	340.36568	414.90858	208.56142	340.36771	414.90935	208.90792
0.48	340.36568	414.90858	208.42067	340.34112	414.9073	208.88331
0.5	340.36568	414.90858	209.81423	340.32549	414.90596	208.87811
0.52	340.36568	414.90858	209.11763	340.31814	414.9052	208.88919
0.54	340.36568	414.90858	208.45117	340.31671	414.90494	208.9181
0.56	340.36568	414.90858	208.46016	340.3192	414.90511	208.96822
0.58	340.36568	414.90858	208.27766	340.32401	414.90567	209.04008
0.6	340.36568	414.90858	208.75566	340.32991	414.90661	209.12987
0.62	340.36568	414.90858	209.35989	340.33598	414.90793	209.22855
0.64	340.36568	414.90858	209.51134	340.34161	414.90967	209.32421
0.66	340.36568	414.90858	210.02342	340.34641	414.91185	209.40543
0.68	340.36568	414.90858	210.24762	340.35019	414.9145	209.46277
0.7	340.36568	414.90858	210.33297	340.35292	414.9176	209.49137
0.72	340.36568	414.90858	210	340.35469	414.92111	209.4925
0.74	340.36568	414.90858	209	340.3557	414.9249	209.47364
0.76	340.36568	414.90858	209.18857	340.35623	414.92874	209.44547
0.78	340.36568	414.90858	208.76687	340.35664	414.93228	209.41647
0.8	340.36568	414.90858	209.16047	340.35737	414.93499	209.39224
0.82	340.36568	414.90858	209.21192	340.35893	414.93617	209.37431
0.84	340.36568	414.90858	209.97149	340.36191	414.9349	209.36185
0.86	340.36568	414.90858	209.30902	340.36693	414.93006	209.3537
0.88	340.36568	414.90858	208.7454	340.37464	414.9203	209.35165
0.9	340.36568	414.90858	209.92731	340.38569	414.90412	209.35727
0.92	340.36568	414.90858	209.51876	340.40064	414.87993	209.3696
0.94	340.36568	414.90858	209.66164	340.4199	414.8462	209.39009
0.96	340.36568	414.90858	209.30204	340.44359	414.80161	209.42213
0.98	340.36568	414.90858	209.00425	340.47137	414.74538	209.47058
1	340.36568	414.90858	208.59593	340.5023	414.6776	209.53941
1.02	340.36568	414.90858	209.205	340.53458	414.59967	209.62868
1.04	340.36568	414.90858	207.97916	340.56532	414.51485	209.73225
1.06	340.36568	413.50211	210.40809	340.59027	414.42887	209.83811
1.08	340.36568	413.50211	210.4186	340.6036	414.34876	209.92513
1.1	340.36568	413.50211	210.49869	340.59771	414.276	209.97352
1.12	340.36568	413.50211	209.73944	340.56311	414.20526	209.96758
1.16	340.36568	414.90858	210.76098	340.36122	414.01917	209.74205
1.18	341.77215	414.90858	211.31132	340.16836	413.87153	209.49738
1.2	341.77215	414.90858	211.83243	339.89914	413.67224	209.15661
1.22	340.36568	413.50211	207.52622	339.55387	413.41978	208.73017
1.24	338.95921	413.50211	207.4121	339.14601	413.12067	208.24356
1.28	337.55274	412.09564	207.076	338.22289	412.42118	207.16989
1.3	337.55274	412.09564	205.4912	337.74676	412.04342	206.61262
1.32	336.14627	410.68917	205.88608	337.28242	411.66044	206.05874
1.34	336.14627	410.68917	205.23472	336.84161	411.28048	205.51422
1.36	336.14627	410.68917	204.35344	336.42881	410.90588	204.9822
1.38	336.14627	410.68917	205.83863	336.04293	410.53423	204.4633
1.4	336.14627	410.68917	204.53846	335.68058	410.16142	203.95622
1.42	334.7398	409.2827	202.28806	335.33914	409.78455	203.46694
1.44	334.7398	409.2827	202.81116	335.01784	409.40308	203.0048
1.46	334.7398	409.2827	203.01022	334.71296	409.01435	202.57339
1.48	334.7398	409.2827	201.8449	334.41853	408.61471	202.17426
1.5	334.7398	407.87623	200.72323	334.12879	408.20273	201.8106
1.52	333.33333	407.87623	201.59432	333.84052	407.7804	201.48298
1.54	333.33333	407.87623	201.64956	333.55354	407.34902	201.18587
1.56	333.33333	406.46976	200.52343	333.26545	406.91067	200.91354
1.58	333.33333	406.46976	199.84914	332.97213	406.46977	200.66232
1.6	333.33333	406.46976	201.06283	332.66999	406.02909	200.42602
1.62	331.92686	405.06329	201.05636	332.35833	405.59142	200.19443
1.64	331.92686	405.06329	199.94648	332.0399	405.16116	199.96081
1.66	331.92686	405.06329	199.60668	331.7159	404.74038	199.72384
1.68	331.92686	403.65682	198.12747	331.38661	404.33034	199.4831
1.7	330.52039	403.65682	200.3773	331.05401	403.93302	199.23575
1.72	330.52039	403.65682	199.42528	330.72253	403.54683	198.97307
1.74	330.52039	403.65682	198.68898	330.39422	403.168	198.69121
1.76	330.52039	402.25035	199.26804	330.06948	402.7936	198.39028
1.78	329.11392	402.25035	198.54244	329.74974	402.42274	198.07213
1.8	329.11392	402.25035	196.86553	329.43815	402.05206	197.74389
1.82	329.11392	402.25035	197.62777	329.13463	401.67681	197.41524
1.84	329.11392	400.84388	196.99876	328.83651	401.29384	197.09206
1.86	329.11392	400.84388	196.0215	328.54094	400.90273	196.78006
1.88	327.70745	400.84388	196.05385	328.24728	400.50132	196.48375
1.9	327.70745	400.84388	196.78237	327.9576	400.08702	196.20289
1.92	327.70745	399.43741	195.69315	327.67153	399.65998	195.93471
1.94	327.70745	399.43741	195.97864	327.38669	399.22456	195.67864
1.96	327.70745	399.43741	194.72847	327.10097	398.78519	195.43398
1.98	326.30098	398.03094	195.37259	326.81485	398.34805	195.20038
2	326.30098	398.03094	194.62122	326.53177	397.92263	194.97436
2.02	326.30098	396.62447	195.42471	326.25293	397.51775	194.75194
2.04	326.30098	396.62447	194.33241	325.97769	397.14119	194.52839
2.06	326.30098	396.62447	194.0977	325.70579	396.79543	194.30182
2.08	324.89451	396.62447	193.52206	325.43954	396.47879	194.06995
2.1	324.89451	396.62447	194.48037	325.18412	396.18816	193.82838
2.12	324.89451	395.218	192.49907	324.94223	395.92159	193.57043
2.14	324.89451	395.218	193.93891	324.71424	395.67868	193.29071
2.16	324.89451	395.218	192.35459	324.50009	395.45528	192.97985
2.18	323.48805	395.218	193.77907	324.30118	395.24351	192.6297
2.2	323.48805	395.218	194.2678	324.12014	395.03358	192.23115
2.22	323.48805	395.218	192.94067	323.95497	394.81551	191.78309
2.24	323.48805	395.218	190.85459	323.79859	394.58079	191.29836
2.26	324.89451	395.218	189.12071	323.64016	394.32415	190.79807
2.28	323.48805	393.81153	189.62782	323.46826	394.04544	190.30028
2.3	323.48805	393.81153	189.70965	323.27777	393.74982	189.81262
2.32	323.48805	393.81153	188.41731	323.06559	393.44248	189.33677
2.34	323.48805	392.40506	188.49224	322.83036	393.12909	188.87173
2.36	322.08158	392.40506	190.2507	322.57412	392.81644	188.41099
2.38	322.08158	392.40506	187.74913	322.30232	392.50738	187.94721
2.4	322.08158	392.40506	187.41588	322.01837	392.20148	187.48209
2.42	322.08158	392.40506	187.7018	321.72393	391.89748	187.01866
2.44	322.08158	390.99859	185.26166	321.42117	391.59576	186.56021
2.46	320.67511	390.99859	185.71683	321.11514	391.29886	186.11187
2.48	320.67511	390.99859	185.96067	320.8143	391.00643	185.67223
2.5	320.67511	390.99859	185.46037	320.52546	390.7157	185.23645
2.52	320.67511	390.99859	185.14425	320.2543	390.42385	184.80096
2.54	319.26864	389.59212	185.29091	320.00765	390.13032	184.36426
2.56	319.26864	389.59212	183.93858	319.79385	389.83726	183.92819
2.58	319.26864	389.59212	183.34745	319.6171	389.54441	183.50001
2.6	319.26864	389.59212	182.90819	319.47741	389.24952	183.08806
2.62	319.26864	389.59212	181.48878	319.37191	388.95077	182.69964
2.64	319.26864	388.18565	181.65439	319.29605	388.64903	182.33928
2.66	319.26864	388.18565	182.77649	319.24439	388.34847	182.00391
2.68	319.26864	388.18565	180.73372	319.21126	388.05142	181.68623
2.7	319.26864	386.77918	180.00691	319.19114	387.75887	181.38085
2.72	319.26864	388.18565	183.20675	319.17897	387.47105	181.07654
2.74	319.26864	386.77918	181.17713	319.17029	387.18408	180.75629
2.76	319.26864	386.77918	179.914	319.16134	386.89603	180.41318
2.78	319.26864	386.77918	180.41476	319.14917	386.60363	180.04471
2.8	319.26864	386.77918	181.10899	319.13167	386.30267	179.64677
2.82	319.26864	386.77918	180.52985	319.1077	385.99037	179.21851
2.84	319.26864	385.37271	177.2239	319.07723	385.66775	178.76909
2.86	319.26864	385.37271	178.74621	319.04152	385.34029	178.31456
2.88	319.26864	385.37271	176.51559	319.00337	385.01299	177.86508
2.9	319.26864	383.96624	176.195	318.96739	384.69111	177.42921
2.92	317.86217	383.96624	177.01902	318.9403	384.3809	177.00729
2.94	317.86217	383.96624	178.87424	318.92938	384.08466	176.59128
2.96	319.26864	383.96624	175.66018	318.93509	383.8014	176.1746
2.98	319.26864	383.96624	175.14489	318.95127	383.52912	175.76219
3	319.26864	382.55977	175.04125	318.97249	383.26716	175.35842
3.02	319.26864	382.55977	174.60417	318.99587	383.01643	174.96332
3.04	317.86217	382.55977	177.82042	319.02091	382.77408	174.57388
3.06	319.26864	382.55977	172.43432	319.04738	382.53357	174.1891
3.08	319.26864	382.55977	172.14238	319.06957	382.28666	173.82248
3.1	319.26864	382.55977	173.74218	319.08163	382.02534	173.48022
3.12	319.26864	382.55977	173.17879	319.07936	381.74377	173.1576
3.14	319.26864	381.15331	174.01355	319.06004	381.44043	172.84909
3.16	319.26864	381.15331	173.01575	319.0225	381.11849	172.55116
3.18	319.26864	381.15331	170.74345	318.96725	380.78068	172.26715
3.2	319.26864	381.15331	172.58057	318.89681	380.43008	172.00237
3.22	319.26864	379.74684	170.63171	318.81611	380.07272	171.75543
3.24	319.26864	379.74684	171.35669	318.73308	379.71858	171.52447
3.26	317.86217	378.34037	172.51725	318.65925	379.37689	171.3022
3.28	317.86217	378.34037	170.45856	318.60857	379.05521	171.08056
3.3	317.86217	378.34037	170.29071	318.59044	378.75468	170.85692
3.32	317.86217	378.34037	171.49497	318.60827	378.47069	170.62617
3.34	317.86217	378.34037	172.72484	318.65958	378.19528	170.38054
3.36	319.26864	378.34037	167.83714	318.73591	377.91947	170.11925
3.38	319.26864	378.34037	168.6973	318.82423	377.63541	169.85213
3.4	319.26864	376.9339	169.2009	318.91393	377.33865	169.57842
3.42	319.26864	376.9339	170.72395	318.99789	377.0285	169.28769
3.44	319.26864	376.9339	169.7939	319.07189	376.70292	168.96786
3.46	319.26864	376.9339	169.57134	319.13384	376.35917	168.61509
3.48	319.26864	375.52743	168.77668	319.18327	375.99633	168.23314
3.5	319.26864	375.52743	166.57736	319.22079	375.61628	167.83268
3.52	319.26864	375.52743	166.96544	319.2477	375.21899	167.4269
3.54	319.26864	375.52743	167.69766	319.26572	374.8038	167.02239
3.56	319.26864	374.12096	166.60594	319.27674	374.3725	166.62251
3.58	319.26864	374.12096	165.99286	319.28266	373.93082	166.23359
3.6	319.26864	372.71449	163.57514	319.28536	373.48439	165.86244
3.62	319.26864	372.71449	165.43139	319.28658	373.03844	165.51153
3.64	319.26864	372.71449	166.13684	319.28795	372.59399	165.1707
3.66	319.26864	372.71449	165.75927	319.29094	372.1494	164.82763
3.68	319.26864	371.30802	164.66765	319.29688	371.70405	164.47625
3.7	319.26864	371.30802	163.8252	319.3069	371.25992	164.11702
3.72	319.26864	371.30802	163.31377	319.32192	370.81772	163.75227
3.74	319.26864	369.90155	163.74979	319.34252	370.37855	163.38242
3.76	319.26864	369.90155	164.19907	319.36888	369.94553	163.00568
3.78	319.26864	369.90155	162.66145	319.40056	369.51983	162.62322
3.8	319.26864	368.49508	161.62458	319.43631	369.10229	162.24311
3.82	319.26864	368.49508	161.83959	319.47383	368.69488	161.87438
3.84	319.26864	368.49508	161.14739	319.50947	368.29661	161.52276
3.86	319.26864	368.49508	160.7725	319.53795	367.90485	161.1925
3.88	320.67511	367.08861	159.67453	319.55208	367.51857	160.88523
3.9	320.67511	367.08861	160.05887	319.54439	367.13957	160.59822
3.92	319.26864	367.08861	159.88975	319.51456	366.76808	160.32102
3.94	319.26864	365.68214	161.0947	319.46945	366.40389	160.03811
3.96	319.26864	365.68214	161.04457	319.41586	366.04751	159.73239
3.98	319.26864	365.68214	160.59044	319.35898	365.6955	159.39353
4	319.26864	365.68214	160.23841	319.30286	365.34154	159.02121
4.02	319.26864	365.68214	158.10305	319.25078	364.97916	158.62485
4.04	319.26864	364.27567	157.8648	319.20578	364.60466	158.22125
4.06	319.26864	364.27567	156.87375	319.17102	364.21809	157.82559
4.08	317.86217	364.27567	156.00216	319.15015	363.81874	157.44918
4.1	319.26864	362.8692	156.08415	319.1457	363.40641	157.09586
4.12	319.26864	362.8692	156.65248	319.15364	362.98266	156.75914
4.14	319.26864	362.8692	158.73435	319.16903	362.54669	156.42507
4.16	319.26864	362.8692	156.54661	319.18784	362.09676	156.08086
4.18	319.26864	361.46273	155.93527	319.20684	361.63377	155.72651
4.2	319.26864	361.46273	156.08764	319.22343	361.16291	155.36784
4.22	319.26864	360.05626	154.04814	319.23551	360.68989	155.01338
4.24	319.26864	360.05626	154.20105	319.24136	360.22095	154.67448
4.26	319.26864	360.05626	154.37691	319.23952	359.75914	154.35767
4.28	319.26864	358.64979	152.38941	319.22877	359.30618	154.0657
4.3	319.26864	358.64979	154.03239	319.20811	358.86427	153.79856
4.32	319.26864	358.64979	152.76208	319.1769	358.43224	153.54766
4.34	319.26864	358.64979	154.70223	319.13499	358.00717	153.30234
4.36	317.86217	357.24332	154.81912	319.08297	357.5879	153.04998
4.38	319.26864	357.24332	152.36041	319.02065	357.17649	152.78668
4.4	319.26864	357.24332	151.52257	318.94182	356.77414	152.51929
4.42	319.26864	355.83685	152.08102	318.84043	356.38256	152.25343
4.44	319.26864	355.83685	151.46865	318.71306	356.00531	151.98857
4.46	319.26864	355.83685	151.10742	318.55974	355.64345	151.72128
4.48	317.86217	355.83685	153.4872	318.38498	355.29669	151.4443
4.5	317.86217	354.43038	152.10224	318.19711	354.96625	151.14912
4.52	317.86217	354.43038	150.18326	318.00218	354.65577	150.83858
4.54	317.86217	354.43038	150.00461	317.80356	354.36646	150.52243
4.56	317.86217	354.43038	150.19372	317.60352	354.09769	150.20753
4.58	316.4557	354.43038	150.3386	317.40479	353.84934	149.89706
4.6	317.86217	353.02391	148.90935	317.21028	353.62389	149.59407
4.62	317.86217	353.02391	148.53032	317.0191	353.42657	149.30298
4.64	316.4557	353.02391	147.95386	316.83363	353.25967	149.02415
4.66	316.4557	353.02391	149.38606	316.66116	353.1222	148.75149
4.68	316.4557	353.02391	148.88361	316.50779	353.01124	148.47302
4.7	316.4557	353.02391	148.26241	316.37796	352.92308	148.17923
4.72	316.4557	353.02391	148.25871	316.27566	352.85405	147.86381
4.74	316.4557	351.61744	147.26108	316.20546	352.80128	147.52192
4.76	315.04923	353.02391	148.07774	316.17333	352.76135	147.1506
4.78	315.04923	353.02391	147.73888	316.18532	352.72511	146.74728
4.8	316.4557	353.02391	146.10578	316.2403	352.68365	146.31528
4.82	316.4557	353.02391	145.85662	316.3299	352.63042	145.86417
4.84	316.4557	351.61744	146.65273	316.44552	352.56163	145.40371
4.86	316.4557	353.02391	144.46703	316.57956	352.47479	144.94501
4.88	316.4557	353.02391	144.15281	316.72445	352.3636	144.50517
4.9	316.4557	353.02391	141.48719	316.87164	352.22434	144.09998
4.92	317.86217	351.61744	143.79172	317.01041	352.05859	143.73918
4.94	317.86217	351.61744	142.3399	317.12861	351.87248	143.41824
4.96	317.86217	351.61744	143.87969	317.21905	351.67053	143.12795
4.98	317.86217	351.61744	143.72402	317.28044	351.45523	142.85447
5	316.4557	351.61744	143.78263	317.31667	351.22866	142.58764
5.02	317.86217	351.61744	142.30845	317.33444	350.99422	142.32457
5.04	317.86217	350.21097	140.76512	317.33733	350.75843	142.06984
5.06	316.4557	350.21097	142.78241	317.33129	350.53091	141.82782
5.08	316.4557	350.21097	143.36388	317.32461	350.31878	141.59717
5.1	317.86217	350.21097	140.53311	317.32046	350.12655	141.38224
5.12	317.86217	348.8045	138.97132	317.31691	349.95789	141.19696
5.14	316.4557	350.21097	140.59332	317.3145	349.81521	141.0501
5.16	316.4557	350.21097	141.57418	317.31628	349.69541	140.93685
5.18	317.86217	350.21097	141.27946	317.32025	349.59667	140.84783
5.2	317.86217	350.21097	141.65633	317.31945	349.52125	140.77705
5.22	317.86217	348.8045	140.59419	317.30936	349.47629	140.72281
5.24	317.86217	348.8045	139.56939	317.28982	349.47252	140.68853
5.26	317.86217	348.8045	140.6831	317.26509	349.51713	140.67658
5.28	316.4557	348.8045	140.23603	317.24402	349.61191	140.68326
5.3	316.4557	350.21097	140.12536	317.23834	349.75287	140.70278
5.32	316.4557	350.21097	141.38853	317.25537	349.93141	140.72622
5.34	316.4557	350.21097	141.78614	317.29609	350.14063	140.74187
5.36	317.86217	350.21097	142.15328	317.35511	350.37586	140.74216
5.38	317.86217	350.21097	141.01218	317.42213	350.63293	140.72786
5.4	317.86217	351.61744	140.67613	317.48904	350.90633	140.70901
5.42	317.86217	351.61744	140.84064	317.55126	351.18903	140.69904
5.44	317.86217	351.61744	139.81411	317.60716	351.47781	140.71172
5.46	317.86217	351.61744	140.07549	317.65764	351.77285	140.76037
5.48	317.86217	351.61744	140.07549	317.70563	352.07545	140.85279
5.5	317.86217	353.02391	140.58732	317.75569	352.38564	140.9909
5.52	317.86217	353.02391	141.35026	317.81364	352.70167	141.17105
5.54	317.86217	353.02391	141.53984	317.88614	353.02499	141.3866
5.56	317.86217	353.02391	141.52991	317.98022	353.35965	141.63158
5.58	317.86217	353.02391	142.56299	318.10268	353.70965	141.90091
5.6	317.86217	354.43038	140.38143	318.25934	354.07628	142.19006
5.62	317.86217	354.43038	142.93717	318.45406	354.45723	142.49548
5.64	317.86217	354.43038	143.85426	318.68748	354.8511	142.80546
5.66	319.26864	354.43038	142.52299	318.95544	355.25626	143.10963
5.68	319.26864	355.83685	142.96863	319.24903	355.66773	143.40301
5.7	319.26864	355.83685	144.61316	319.55992	356.07576	143.67833
5.72	320.67511	357.24332	144.55564	319.87992	356.4701	143.92645
5.74	320.67511	357.24332	144.13641	320.20038	356.84049	144.14347
5.76	320.67511	357.24332	143.41517	320.51711	357.18099	144.33009
5.78	320.67511	358.64979	144.0977	320.82976	357.48893	144.48659
5.8	320.67511	357.24332	146.16914	321.1392	357.76406	144.60783
5.82	322.08158	357.24332	144.77887	321.44509	358.01168	144.68749
5.84	322.08158	358.64979	144.58862	321.74528	358.23487	144.72716
5.86	322.08158	358.64979	145.25405	322.0408	358.43246	144.73079
5.88	322.08158	360.05626	145.03689	322.33541	358.60475	144.70243
5.9	322.08158	358.64979	144.69658	322.63317	358.7557	144.6492
5.92	323.48805	358.64979	144.23797	322.93612	358.89714	144.58071
5.94	323.48805	358.64979	145.06678	323.24376	359.04194	144.50686
5.96	323.48805	358.64979	144.35124	323.55813	359.20099	144.43651
5.98	323.48805	358.64979	143.56961	323.88318	359.38204	144.38093
6	323.48805	358.64979	145.05793	324.22232	359.58838	144.35061
6.02	324.89451	360.05626	142.62788	324.57577	359.81744	144.35255
6.04	324.89451	360.05626	143.10138	324.93974	360.06098	144.39413
6.06	324.89451	360.05626	144.13727	325.31109	360.31077	144.47277
6.08	324.89451	360.05626	146.33013	325.68632	360.55855	144.57625
6.1	326.30098	361.46273	145.08927	326.05859	360.794	144.69117
6.12	326.30098	361.46273	144.42357	326.41661	361.00472	144.81359
6.14	327.70745	361.46273	143.96681	326.74917	361.18177	144.94346
6.16	327.70745	361.46273	144.89258	327.04605	361.31994	145.07793
6.18	327.70745	361.46273	144.80829	327.30287	361.41631	145.20815
6.2	327.70745	361.46273	147.0713	327.52056	361.46916	145.32245
6.22	327.70745	361.46273	146.66986	327.70337	361.4772	145.40912
6.24	329.11392	362.8692	145.47993	327.85706	361.43914	145.46692
6.26	327.70745	361.46273	146.19228	327.98935	361.35551	145.50366
6.28	327.70745	361.46273	144.16446	328.1143	361.2346	145.52982
6.3	327.70745	361.46273	144.53345	328.24557	361.08745	145.55776
6.32	327.70745	361.46273	144.93241	328.39359	360.927	145.5921
6.34	327.70745	360.05626	146.11514	328.56444	360.76916	145.62933
6.36	329.11392	360.05626	145.33752	328.7587	360.63228	145.66167
6.38	329.11392	360.05626	145.33495	328.97194	360.53084	145.68265
6.4	329.11392	360.05626	146.28401	329.20069	360.47467	145.68424
6.42	329.11392	360.05626	146.74864	329.44255	360.46976	145.65695
6.44	330.52039	360.05626	145.1119	329.69445	360.51868	145.59544
6.46	330.52039	360.05626	144.15101	329.95255	360.62061	145.50036
6.48	330.52039	360.05626	145.80637	330.21769	360.77099	145.36945
6.5	330.52039	361.46273	146.49556	330.49529	360.96066	145.19318
6.52	330.52039	361.46273	146.18281	330.79313	361.1766	144.96429
6.54	330.52039	361.46273	145.01111	331.11921	361.40785	144.68467
6.56	330.52039	361.46273	145.32949	331.47926	361.64575	144.36488
6.58	331.92686	361.46273	142.11018	331.87421	361.88207	144.02011
6.6	331.92686	362.8692	142.94788	332.29916	362.1071	143.66858
6.62	333.33333	362.8692	142.52539	332.7477	362.30969	143.31868
6.64	333.33333	362.8692	143.28769	333.21229	362.4829	142.97133
6.66	333.33333	362.8692	143.7467	333.68818	362.62435	142.62271
6.68	334.7398	362.8692	141.88624	334.17156	362.73475	142.27111
6.7	334.7398	362.8692	141.60255	334.65768	362.81683	141.92072
6.72	334.7398	362.8692	141.46083	335.14441	362.87443	141.57477
6.74	336.14627	362.8692	141.14778	335.6303	362.91182	141.23411
6.76	336.14627	362.8692	140.4	336.11256	362.93328	140.89844
6.78	336.14627	362.8692	140.59348	336.5906	362.94277	140.56621
6.8	337.55274	362.8692	140.81543	337.06417	362.94373	140.23312
6.82	337.55274	362.8692	139.10733	337.53129	362.93906	139.89512
6.84	337.55274	362.8692	139.73808	337.99207	362.93103	139.55026
6.86	338.95921	362.8692	140.03377	338.44676	362.92138	139.19341
6.88	338.95921	362.8692	138.48329	338.894	362.91137	138.82053
6.9	338.95921	362.8692	138.64195	339.33466	362.90182	138.43183
6.92	340.36568	362.8692	138.90054	339.77015	362.89321	138.02715
6.94	340.36568	362.8692	137.96623	340.20073	362.88579	137.60814
6.96	340.36568	362.8692	136.57818	340.62957	362.87958	137.18187
6.98	340.36568	362.8692	137.7211	341.06118	362.87449	136.7577
7	341.77215	362.8692	134.98951	341.49793	362.87033	136.34348
7.02	341.77215	362.8692	134.82531	341.9385	362.86688	135.94965
7.04	341.77215	362.8692	135.89217	342.3819	362.8639	135.57916
7.06	343.17862	362.8692	134.11187	342.82579	362.86117	135.22763
7.08	343.17862	362.8692	134.87692	343.26484	362.85851	134.88934
7.1	344.58509	362.8692	135.2	343.69467	362.85582	134.55304
7.12	344.58509	362.8692	134.14968	344.11209	362.85307	134.20677
7.14	344.58509	362.8692	133.90564	344.51918	362.85033	133.84194
7.16	344.58509	362.8692	134.15671	344.92181	362.84781	133.45059
7.18	344.58509	362.8692	133.38251	345.32638	362.84588	133.02598
7.2	345.99156	362.8692	132.99831	345.7366	362.84507	132.56569
7.22	345.99156	362.8692	133.09572	346.15211	362.84608	132.0707
7.24	345.99156	362.8692	132.43742	346.57273	362.84983	131.54615
7.26	347.39803	362.8692	129.88654	346.99698	362.85739	131.00439
7.28	347.39803	362.8692	131.45662	347.42058	362.87001	130.46242
7.3	347.39803	362.8692	128.89091	347.84062	362.88901	129.93377
7.32	348.8045	362.8692	128.57151	348.254	362.9157	129.43441
7.34	348.8045	362.8692	128.39053	348.65595	362.95121	128.97491
7.36	348.8045	362.8692	127.5955	349.04427	362.99631	128.55908
7.4	350.21097	362.8692	128.80769	349.77486	363.11482	127.8456
7.42	350.21097	362.8692	127.36721	350.11322	363.18634	127.53266
7.44	350.21097	362.8692	128.11938	350.43364	363.26272	127.24362
7.46	350.21097	362.8692	126.21311	350.73755	363.33848	126.97732
7.48	351.61744	364.27567	126.69045	351.02462	363.40501	126.73599
7.5	351.61744	362.8692	125.34639	351.29221	363.45185	126.51894
7.52	351.61744	364.27567	127.54116	351.54058	363.47175	126.32262
7.54	351.61744	364.27567	125.61653	351.7726	363.45659	126.13881
7.56	351.61744	364.27567	126.03967	351.99178	363.40288	125.96353
7.58	353.02391	362.8692	125.0809	352.20041	363.31368	125.79173
7.6	351.61744	362.8692	126.52906	352.39968	363.19723	125.61713
7.62	353.02391	362.8692	125.20275	352.59361	363.06013	125.43098
7.64	353.02391	362.8692	124.27351	352.78375	362.90637	125.22813
7.66	353.02391	362.8692	124.55714	352.97319	362.73844	125.00217
7.68	353.02391	362.8692	125.41349	353.16696	362.55855	124.7407
7.7	353.02391	362.8692	125.53191	353.37049	362.36999	124.42857
7.72	353.02391	361.46273	126.21425	353.58804	362.17852	124.05509
7.74	353.02391	361.46273	124.51028	353.82109	361.99203	123.61923
7.76	354.43038	361.46273	122.09696	354.06659	361.81456	123.13412
7.78	354.43038	361.46273	122.30066	354.31698	361.64589	122.61913
7.8	354.43038	361.46273	121.97451	354.56573	361.48301	122.08885
7.82	354.43038	361.46273	120.39981	354.8072	361.32141	121.55467
7.84	355.83685	361.46273	121.29257	355.03469	361.15642	121.02539
7.86	355.83685	361.46273	120.90372	355.24039	360.98451	120.50385
7.88	355.83685	361.46273	118.95975	355.42104	360.80462	119.99333
7.9	355.83685	360.05626	119.40811	355.57819	360.61949	119.49821
7.92	355.83685	360.05626	118.45592	355.71674	360.43528	119.01778
7.94	355.83685	360.05626	118.1213	355.84369	360.25551	118.54872
7.96	355.83685	360.05626	118.55429	355.967	360.08068	118.08402
7.98	355.83685	360.05626	118.64348	356.09459	359.90966	117.61429
8	355.83685	360.05626	116.83966	356.23334	359.74115	117.13342
8.02	355.83685	358.64979	117.76461	356.38804	359.575	116.64105
8.04	355.83685	360.05626	116.22697	356.56031	359.41172	116.1381
8.06	357.24332	360.05626	115.51361	356.74732	359.24814	115.63122
8.08	357.24332	358.64979	114.75104	356.94233	359.0844	115.12884
8.1	357.24332	358.64979	115.15514	357.14066	358.9252	114.63843
8.12	357.24332	358.64979	113.54364	357.34005	358.77366	114.16593
8.14	357.24332	358.64979	113.12876	357.53906	358.63065	113.71873
8.16	357.24332	358.64979	113.2439	357.73546	358.49609	113.3008
8.18	358.64979	358.64979	113.52544	357.92466	358.36999	112.91206
8.2	358.64979	357.24332	111.25105	358.10005	358.25361	112.55216
8.22	358.64979	357.24332	110.34673	358.25893	358.14855	112.2222
8.24	358.64979	358.64979	114.7037	358.40303	358.0502	111.91468
8.26	358.64979	358.64979	113.06512	358.53721	357.94857	111.61408
8.28	358.64979	358.64979	111.49505	358.66833	357.8366	111.31919
8.3	358.64979	357.24332	109.41143	358.80414	357.71284	111.04045
8.32	358.64979	357.24332	110.10303	358.95225	357.58049	110.78904
8.34	358.64979	357.24332	110.26897	359.11901	357.44088	110.56675
8.36	358.64979	357.24332	110.49987	359.30833	357.29265	110.36915
8.38	358.64979	357.24332	110.51562	359.52035	357.13288	110.1895
8.4	360.05626	357.24332	109.36721	359.74989	356.95827	110.02179
8.42	360.05626	357.24332	110.27477	359.9867	356.76642	109.86104
8.44	361.46273	355.83685	109.37164	360.22107	356.55723	109.69977
8.46	360.05626	355.83685	110.34186	360.44572	356.33256	109.53141
8.48	361.46273	355.83685	108.72632	360.65958	356.09041	109.34926
8.5	360.05626	355.83685	110.31381	360.86221	355.82485	109.14966
8.52	361.46273	355.83685	108.91395	361.05586	355.52793	108.92829
8.54	361.46273	355.83685	108.60526	361.24011	355.19186	108.68616
8.56	361.46273	355.83685	107.88975	361.41591	354.81136	108.42565
8.58	361.46273	354.43038	107.20463	361.58602	354.38638	108.14799
8.6	361.46273	354.43038	109.1623	361.75358	353.92323	107.85018
8.62	361.46273	353.02391	108.47306	361.92073	353.43051	107.52522
8.64	361.46273	353.02391	107.90761	362.0873	352.91902	107.17312
8.66	362.8692	351.61744	106.12989	362.24947	352.39825	106.80167
8.68	362.8692	351.61744	105.9343	362.40028	351.87662	106.42291
8.7	362.8692	351.61744	105.60807	362.53589	351.35821	106.04568
8.72	362.8692	350.21097	105.196	362.65622	350.84502	105.67469
8.74	362.8692	350.21097	105.08929	362.76387	350.33924	105.31105
8.76	362.8692	350.21097	106.20413	362.86316	349.83986	104.95245
8.8	362.8692	348.8045	104.31731	363.05755	348.85391	104.24685
8.82	362.8692	348.8045	103.60359	363.16309	348.3673	103.90942
8.84	362.8692	347.39803	102.92136	363.27961	347.88549	103.58975
8.86	362.8692	347.39803	102.64414	363.40845	347.41061	103.29105
8.88	362.8692	347.39803	102.44151	363.54767	346.94275	103.01169
8.9	364.27567	345.99156	102.63298	363.69099	346.48189	102.74497
8.92	364.27567	345.99156	103.61141	363.82858	346.02976	102.4801
8.94	364.27567	345.99156	102.82694	363.95343	345.58605	102.20646
8.96	364.27567	344.58509	101.99643	364.06209	345.15011	101.92016
8.98	364.27567	344.58509	102.18172	364.15373	344.72268	101.62217
9	364.27567	344.58509	101.4167	364.22926	344.30181	101.31549
9.02	364.27567	344.58509	101.03193	364.29056	343.88445	101.00631
9.04	364.27567	343.17862	100.41677	364.33991	343.46984	100.70215
9.06	364.27567	343.17862	99.79684	364.37949	343.06091	100.41041
9.08	364.27567	343.17862	100.0509	364.41098	342.66013	100.13619
9.1	364.27567	341.77215	100.49234	364.43524	342.27092	99.88084
9.12	364.27567	341.77215	98.66827	364.45205	341.89893	99.64523
9.14	364.27567	341.77215	98.85882	364.45993	341.5477	99.4321
9.16	364.27567	340.36568	98.95034	364.45602	341.21971	99.23901
9.18	364.27567	340.36568	98.62422	364.43597	340.91733	99.0588
9.2	365.68214	340.36568	99.52983	364.39404	340.63796	98.88142
9.22	364.27567	340.36568	98.49212	364.32508	340.37455	98.69498
9.24	364.27567	340.36568	99.01346	364.23056	340.11785	98.4902
9.26	364.27567	340.36568	99.35756	364.11345	339.85852	98.25828
9.28	364.27567	340.36568	97.73701	363.97708	339.58924	97.99441
9.3	364.27567	338.95921	98.68348	363.82615	339.30672	97.69998
9.32	364.27567	338.95921	98.6398	363.66773	339.01204	97.37778
9.34	362.8692	338.95921	96.2357	363.51251	338.70538	97.03718
9.36	362.8692	338.95921	96.17594	363.37416	338.38652	96.69454
9.38	362.8692	337.55274	96.80625	363.26306	338.05729	96.3629
9.4	362.8692	337.55274	94.60495	363.1855	337.72222	96.0521
9.42	362.8692	337.55274	96.07413	363.14461	337.38371	95.77168
9.44	362.8692	337.55274	94.11787	363.14091	337.0428	95.52451
9.46	362.8692	336.14627	95.54632	363.17269	336.70188	95.31124
9.48	362.8692	336.14627	94.28	363.23601	336.36555	95.12574
9.5	364.27567	336.14627	94.95516	363.32449	336.03583	94.96015
9.52	364.27567	336.14627	95.30031	363.43061	335.71299	94.8024
9.54	362.8692	334.7398	96.18526	363.55259	335.39815	94.63994
9.56	362.8692	334.7398	94.42948	363.69351	335.09404	94.4649
9.58	364.27567	334.7398	94.16408	363.85283	334.79996	94.27828
9.6	364.27567	334.7398	94.6381	364.02525	334.51239	94.0828
9.62	364.27567	334.7398	94.08786	364.20699	334.22729	93.88126
9.64	364.27567	334.7398	93.24631	364.39624	333.94247	93.67953
9.66	364.27567	333.33333	93.14769	364.59174	333.65981	93.48475
9.68	365.68214	333.33333	94.25774	364.79124	333.38569	93.30159
9.7	364.27567	333.33333	92.6	364.99187	333.12576	93.13361
9.72	365.68214	331.92686	93.54665	365.19409	332.8852	92.9883
9.74	365.68214	331.92686	92.85753	365.39639	332.66898	92.87233
9.76	365.68214	331.92686	91.9288	365.59931	332.47623	92.79462
9.8	365.68214	331.92686	90.6973	366.01905	332.12998	92.78305
9.82	367.08861	331.92686	93.21053	366.24279	331.95399	92.85284
9.84	365.68214	331.92686	92.86539	366.47949	331.75933	92.96219
9.86	367.08861	331.92686	92.74391	366.73477	331.53293	93.09933
9.88	367.08861	331.92686	93.31897	367.0116	331.26314	93.25197
9.9	367.08861	331.92686	93.64795	367.31388	330.94149	93.40589
9.92	367.08861	330.52039	94.46753	367.64608	330.56489	93.54706
9.94	367.08861	330.52039	94.51816	368.01083	330.13633	93.66409
9.96	368.49508	330.52039	94.32308	368.40628	329.66038	93.75191
9.98	368.49508	329.11392	94.38797	368.82501	329.14474	93.81203
10	369.90155	327.70745	94.1875	369.25844	328.60218	93.85088
10.02	369.90155	327.70745	93.36227	369.69718	328.04523	93.87917
10.04	369.90155	327.70745	93.765	370.13511	327.4812	93.9095
10.06	371.30802	326.30098	92.37922	370.56775	326.91467	93.95196
10.08	371.30802	326.30098	94.02407	370.99063	326.35019	94.01307
10.1	371.30802	326.30098	93.90888	371.40333	325.78925	94.09083
10.12	371.30802	324.89451	94.37143	371.80798	325.23298	94.18093
10.14	372.71449	324.89451	93.05301	372.20598	324.68467	94.27836
10.16	372.71449	323.48805	94.95455	372.59658	324.14681	94.37728
10.18	372.71449	323.48805	95.11258	372.98126	323.62165	94.46632
10.2	372.71449	323.48805	95.74286	373.36244	323.10805	94.53641
10.22	374.12096	322.08158	93.76194	373.74041	322.60379	94.58431
10.24	374.12096	322.08158	95.35414	374.11217	322.10778	94.61297
10.26	374.12096	322.08158	94.76152	374.47588	321.61664	94.62356
10.28	375.52743	320.67511	94.28675	374.82979	321.12676	94.62027
10.3	375.52743	320.67511	94.68711	375.17121	320.63638	94.60859
10.32	375.52743	320.67511	94.20364	375.50115	320.14201	94.59251
10.34	375.52743	319.26864	96.49959	375.82348	319.64044	94.57547
10.36	375.52743	319.26864	94.21093	376.14233	319.13091	94.56151
10.38	376.9339	319.26864	92.70159	376.45941	318.61153	94.56396
10.4	376.9339	317.86217	95.62817	376.77343	318.08154	94.59431
10.42	376.9339	317.86217	93.19368	377.08502	317.54357	94.6551
10.44	376.9339	316.4557	96.13415	377.39609	317.00039	94.74991
10.46	378.34037	316.4557	93.31173	377.70733	316.45544	94.87776
10.48	378.34037	316.4557	94.17647	378.01763	315.90968	95.04103
10.5	378.34037	315.04923	95.72239	378.32906	315.36408	95.23444
10.52	378.34037	315.04923	95.57335	378.64627	314.8221	95.44665
10.54	378.34037	315.04923	94.75576	378.97397	314.28654	95.66796
10.56	379.74684	313.64276	95.54614	379.31445	313.76203	95.88877
10.58	379.74684	312.23629	98.175	379.66677	313.25738	96.09434
10.6	379.74684	312.23629	96.66501	380.03156	312.78045	96.26965
10.62	379.74684	312.23629	97.66689	380.41006	312.33275	96.41085
10.64	381.15331	312.23629	95.2963	380.80125	311.91142	96.52062
10.66	381.15331	310.82982	97.20952	381.20063	311.51278	96.60724
10.68	381.15331	310.82982	97.56597	381.60464	311.13384	96.67494
10.7	382.55977	310.82982	94.88174	382.00936	310.76803	96.73073
10.72	382.55977	310.82982	96.26929	382.4091	310.40629	96.78469
10.74	382.55977	310.82982	95.95063	382.80072	310.04008	96.83755
10.76	383.96624	309.42335	96.7182	383.18229	309.66425	96.88365
10.78	383.96624	309.42335	97.1872	383.55186	309.27807	96.91169
10.8	383.96624	309.42335	97.07707	383.91185	308.8808	96.90871
10.82	383.96624	308.01688	99.86176	384.26804	308.47287	96.86318
10.84	383.96624	308.01688	96.95739	384.62664	308.05719	96.76884
10.86	385.37271	308.01688	94.99311	384.99143	307.6349	96.63589
10.88	385.37271	306.61041	97.39185	385.36279	307.20684	96.47735
10.9	385.37271	306.61041	96.62328	385.74226	306.77501	96.29892
10.92	385.37271	306.61041	94.82384	386.13147	306.33856	96.10945
10.94	386.77918	306.61041	96.59123	386.52904	305.89531	95.91902
10.96	386.77918	305.20394	96.62357	386.92943	305.44525	95.73217
10.98	388.18565	305.20394	95.20655	387.3272	304.99224	95.55651
11	388.18565	303.79747	94.05912	387.71759	304.54009	95.40483
11.02	388.18565	303.79747	95.24056	388.10085	304.09241	95.28744
11.04	388.18565	303.79747	94.53818	388.48095	303.64875	95.20696
11.06	388.18565	303.79747	94.48352	388.86257	303.20631	95.16308
11.08	389.59212	302.391	94.75402	389.24803	302.76347	95.15094
11.1	389.59212	302.391	95.52868	389.63608	302.32144	95.16067
11.12	389.59212	302.391	95.27038	390.02637	301.88036	95.17984
11.14	390.99859	300.98453	95.43522	390.41818	301.44091	95.19759
11.16	390.99859	300.98453	95.82167	390.8092	301.00596	95.20435
11.18	390.99859	300.98453	95.15588	391.19988	300.57662	95.19275
11.2	390.99859	299.57806	95.1589	391.5922	300.15382	95.15898
11.22	392.40506	299.57806	95.62804	391.9865	299.73986	95.09986
11.24	392.40506	299.57806	95.43925	392.38028	299.3343	95.01286
11.26	392.40506	299.57806	96.40591	392.77247	298.93541	94.89884
11.28	393.81153	298.17159	93.40225	393.16225	298.54338	94.76361
11.3	393.81153	298.17159	93.98669	393.54771	298.16167	94.61982
11.32	393.81153	298.17159	95.16875	393.93026	297.7926	94.47398
11.34	393.81153	296.76512	93.85103	394.31343	297.4386	94.32837
11.36	395.218	296.76512	92.86991	394.6998	297.10319	94.18747
11.38	395.218	296.76512	94.36369	395.08982	296.78637	94.05242
11.4	395.218	296.76512	95.07229	395.48618	296.48544	93.91707
11.42	395.218	296.76512	94.87259	395.8926	296.19747	93.77676
11.44	396.62447	295.35865	91.46478	396.31063	295.92176	93.63483
11.46	396.62447	295.35865	93.68527	396.73831	295.66028	93.49912
11.48	396.62447	295.35865	93.61154	397.17429	295.41232	93.36762
11.5	398.03094	295.35865	93.84356	397.61629	295.17477	93.23672
11.52	398.03094	295.35865	92.39603	398.05951	294.94405	93.10519
11.54	398.03094	295.35865	93.56486	398.50058	294.71806	92.97441
11.56	399.43741	293.95218	92.79168	398.93594	294.498	92.84357
11.58	399.43741	293.95218	92.8387	399.3601	294.28832	92.714
11.6	399.43741	293.95218	91.63782	399.76976	294.09095	92.58771
11.62	400.84388	293.95218	92.38795	400.16226	293.90513	92.46601
11.64	400.84388	293.95218	92.18271	400.53414	293.72896	92.34525
11.66	400.84388	293.95218	93.15087	400.8856	293.56092	92.21986
11.68	400.84388	293.95218	91.60442	401.21928	293.40125	92.08454
11.7	402.25035	292.54571	93.31797	401.53756	293.25333	91.93811
11.72	402.25035	292.54571	91.93858	401.8417	293.12302	91.77989
11.74	402.25035	292.54571	91.57503	402.13678	293.0124	91.61614
11.76	402.25035	293.95218	90.75395	402.43118	292.91889	91.45575
11.78	402.25035	292.54571	90.59262	402.73419	292.83805	91.30664
11.8	402.25035	292.54571	91.18552	403.05363	292.76993	91.17202
11.82	403.65682	292.54571	91.90789	403.39344	292.71409	91.05036
11.84	403.65682	292.54571	91.72578	403.75299	292.66829	90.9404
11.86	403.65682	292.54571	89.98321	404.13184	292.62893	90.8465
11.88	405.06329	292.54571	90.42126	404.52878	292.59142	90.77722
11.9	405.06329	292.54571	91.30821	404.94063	292.55049	90.73706
11.92	405.06329	292.54571	90.79038	405.36659	292.50055	90.72828
11.94	406.46976	292.54571	90.73973	405.80684	292.43593	90.75574
11.96	406.46976	292.54571	89.90721	406.26098	292.35138	90.82541
11.98	406.46976	292.54571	89.42045	406.732	292.24254	90.94201
12	406.46976	292.54571	89.14555	407.22457	292.10664	91.10334
12.02	407.87623	292.54571	92.29323	407.7412	291.94335	91.29524
12.04	407.87623	292.54571	92.54147	408.28025	291.75591	91.49244
12.06	409.2827	291.13924	92.43645	408.8392	291.55239	91.67377
12.08	409.2827	289.73277	93.73284	409.4142	291.34534	91.826
12.1	409.2827	291.13924	91.59104	410.00303	291.14399	91.94389
12.12	410.68917	291.13924	92.26872	410.60239	290.94844	92.0329
12.14	412.09564	291.13924	92.10914	411.2051	290.75685	92.0995
12.16	412.09564	291.13924	91.87335	411.80466	290.56892	92.15091
12.18	412.09564	289.73277	93	412.39982	290.38738	92.19439
12.2	413.50211	289.73277	91.87961	412.99165	290.21767	92.23677
12.22	413.50211	289.73277	91.03232	413.58069	290.06182	92.28835
12.24	413.50211	289.73277	92.09022	414.16967	289.91798	92.35692
12.26	414.90858	289.73277	91.46558	414.76071	289.78166	92.44276
12.28	414.90858	289.73277	92.09375	415.35245	289.64688	92.54172
12.3	416.31505	289.73277	92.74016	415.94284	289.50726	92.64353
12.32	416.31505	289.73277	92.85655	416.52816	289.35711	92.73435
12.34	417.72152	289.73277	93.91216	417.1058	289.19256	92.8004
12.36	417.72152	289.73277	93.36364	417.67332	289.01277	92.83018
12.38	417.72152	288.3263	92.80753	418.23137	288.82123	92.81899
12.4	419.12799	288.3263	92.8533	418.78096	288.62532	92.76642
12.42	419.12799	288.3263	92.67084	419.32094	288.43036	92.67284
12.44	420.53446	288.3263	95.16817	419.85105	288.23927	92.53907
12.46	420.53446	288.3263	93.65385	420.37139	288.05412	92.36951
12.48	420.53446	286.91983	90.1648	420.88565	287.87769	92.18431
12.5	420.53446	288.3263	91.62013	421.39885	287.71305	92.01126
12.52	421.94093	286.91983	90.50983	421.91318	287.55932	91.86856
12.54	421.94093	288.3263	92.05632	422.42582	287.41678	91.76786
12.56	423.3474	286.91983	91.00766	422.93227	287.28434	91.71341
12.58	423.3474	286.91983	91.53637	423.42606	287.16439	91.70826
12.6	423.3474	286.91983	90.37781	423.90218	287.05829	91.75186
12.62	424.75387	286.91983	90.63223	424.35501	286.96541	91.83995
12.64	424.75387	286.91983	92.36923	424.77639	286.88401	91.95913
12.66	426.16034	286.91983	93.2483	425.15954	286.81196	92.08828
12.68	426.16034	286.91983	92.57408	425.49939	286.74741	92.20839
12.7	426.16034	286.91983	92.54633	425.79709	286.68935	92.30769
12.72	426.16034	286.91983	93.23981	426.0591	286.63816	92.3782
12.74	426.16034	285.51336	92.10651	426.29486	286.59604	92.41484
12.76	426.16034	286.91983	92.49131	426.51461	286.56554	92.41704
12.78	426.16034	286.91983	93.28226	426.72759	286.54433	92.38384
12.8	426.16034	286.91983	93.53175	426.94017	286.53098	92.31545
12.82	427.56681	285.51336	90.84103	427.15422	286.52708	92.21859
12.84	427.56681	285.51336	90.96898	427.36722	286.53544	92.10582
12.86	427.56681	286.91983	91.81851	427.57811	286.55261	91.98247
12.88	427.56681	286.91983	92.53378	427.7874	286.56885	91.84575
12.9	427.56681	286.91983	92.24672	427.99553	286.57546	91.69142
12.92	428.97328	285.51336	90.97164	428.20115	286.56659	91.51941
12.94	428.97328	286.91983	90.86611	428.4014	286.53726	91.3328
12.96	427.56681	286.91983	91.68789	428.5977	286.47786	91.13186
12.98	428.97328	286.91983	90.54783	428.79417	286.38001	90.9144
13	428.97328	285.51336	90.16508	428.99046	286.2389	90.68007
13.02	428.97328	286.91983	91.76651	429.18575	286.05222	90.42663
13.04	428.97328	285.51336	89.5052	429.37909	285.81568	90.1504
13.06	428.97328	285.51336	89.5292	429.56787	285.52824	89.85326
13.08	430.37975	285.51336	88.97151	429.74619	285.18838	89.53505
13.1	430.37975	285.51336	89.68144	429.90531	284.79452	89.19224
13.12	430.37975	285.51336	90.11415	430.03972	284.34778	88.81854
13.14	430.37975	284.10689	88.855	430.14772	283.85507	88.41122
13.16	430.37975	282.70042	87.93106	430.23035	283.33081	87.97571
13.2	430.37975	281.29395	86.37271	430.33239	282.25052	87.05832
13.22	430.37975	281.29395	86.83008	430.36015	281.71928	86.59507
13.24	430.37975	281.29395	85.26058	430.37844	281.20343	86.13725
13.26	430.37975	279.88748	85.11186	430.39199	280.70522	85.68951
13.28	430.37975	279.88748	85.496	430.4056	280.22574	85.25139
13.3	430.37975	279.88748	85.7253	430.42393	279.76139	84.81853
13.32	430.37975	279.88748	84.50836	430.45145	279.30583	84.38828
13.34	430.37975	278.48101	84.00715	430.49225	278.85373	83.96332
13.36	430.37975	278.48101	82.83881	430.54983	278.40253	83.54824
13.38	430.37975	278.48101	83.26752	430.62679	277.94856	83.14709
13.4	430.37975	277.07454	81.64935	430.72433	277.48878	82.76032
13.42	430.37975	277.07454	83.19091	430.84163	277.02255	82.38664
13.44	430.37975	277.07454	82.15532	430.97511	276.54779	82.02004
13.46	431.78622	275.66807	81.07351	431.1175	276.06284	81.65752
13.48	431.78622	275.66807	81.72287	431.25858	275.56841	81.29708
13.5	431.78622	275.66807	82.10082	431.39164	275.06392	80.93435
13.52	431.78622	274.2616	80.61408	431.51419	274.54963	80.56804
13.54	431.78622	274.2616	80.56178	431.6269	274.02873	80.20365
13.56	431.78622	272.85513	79.33964	431.73264	273.50403	79.84899
13.58	431.78622	272.85513	78.94322	431.83556	272.97829	79.51316
13.6	431.78622	272.85513	78.395	431.94023	272.45099	79.20226
13.62	431.78622	271.44866	78.76812	432.05083	271.92062	78.9176
13.64	431.78622	271.44866	79.04856	432.1703	271.38703	78.65521
13.66	431.78622	271.44866	77.81875	432.29947	270.84817	78.40981
13.68	431.78622	270.04219	76.2969	432.43606	270.30249	78.17721
13.7	433.19269	270.04219	79.76962	432.57369	269.75139	77.94808
13.72	433.19269	268.63572	78.03118	432.70267	269.19606	77.70472
13.74	433.19269	268.63572	78.23061	432.81638	268.63814	77.43708
13.76	433.19269	268.63572	79.26712	432.91214	268.07668	77.1403
13.78	433.19269	267.22925	76.80505	432.99031	267.5107	76.81705
13.8	433.19269	267.22925	76.48765	433.0535	266.94184	76.48236
13.82	433.19269	265.82278	74.52937	433.10597	266.37136	76.15403
13.84	433.19269	265.82278	74.95364	433.1531	265.80093	75.8477
13.86	433.19269	265.82278	75	433.20097	265.22973	75.56919
13.88	433.19269	264.41632	76.33451	433.256	264.65712	75.31663
13.9	433.19269	264.41632	75	433.32448	264.0853	75.08528
13.92	433.19269	263.00985	74.70526	433.41224	263.51644	74.87494
13.94	433.19269	263.00985	73.79923	433.52398	262.95347	74.6861
13.96	433.19269	263.00985	73.78155	433.66263	262.39715	74.51705
13.98	433.19269	261.60338	75.36482	433.82846	261.84866	74.36014
14	434.59916	261.60338	74.35924	434.01791	261.31222	74.20396
14.02	434.59916	260.19691	74.59722	434.22421	260.79191	74.04169
14.04	434.59916	260.19691	74.05749	434.44332	260.29228	73.86942
14.06	434.59916	260.19691	74.10039	434.67419	259.81495	73.68662
14.08	434.59916	258.79044	72.88244	434.917	259.36075	73.4951
14.1	434.59916	258.79044	72.97609	435.17131	258.93166	73.29829
14.12	436.00563	258.79044	72.77644	435.43413	258.52695	73.09646
14.14	436.00563	258.79044	73.68696	435.69975	258.14471	72.88695
14.16	436.00563	257.38397	73.30355	435.96516	257.78512	72.66601
14.18	436.00563	257.38397	72.21809	436.22979	257.45162	72.43459
14.2	436.00563	257.38397	73.43531	436.49339	257.14627	72.19781
14.22	436.00563	257.38397	71.38472	436.75394	256.87057	71.96213
14.24	437.4121	255.9775	70.66922	437.0055	256.62786	71.73955
14.26	437.4121	255.9775	71.98269	437.23805	256.42367	71.5392
14.28	437.4121	255.9775	70.89347	437.44296	256.26018	71.36437
14.3	437.4121	255.9775	70.85787	437.61304	256.13591	71.21861
14.32	438.81857	255.9775	71.10849	437.7409	256.04709	71.1031
14.34	438.81857	255.9775	69.69421	437.81947	255.98865	71.01648
14.36	438.81857	255.9775	71.79264	437.84848	255.95489	70.95516
14.38	437.4121	255.9775	71.65971	437.83571	255.94002	70.90964
14.4	437.4121	255.9775	70.64946	437.79488	255.93838	70.87412
14.42	437.4121	255.9775	71.06375	437.73825	255.94461	70.84761
14.44	437.4121	255.9775	69.94931	437.67501	255.95365	70.82921
14.46	437.4121	255.9775	70.82053	437.61177	255.96068	70.81769
14.48	437.4121	255.9775	71.47039	437.55305	255.96111	70.80744
14.5	437.4121	255.9775	71.01485	437.50175	255.95045	70.79257
14.52	437.4121	255.9775	70.99831	437.45964	255.9244	70.77103
14.54	437.4121	255.9775	69.89431	437.42776	255.87885	70.74311
14.56	437.4121	255.9775	71.29903	437.40676	255.81018	70.70952
14.58	437.4121	255.9775	69.38578	437.39715	255.71556	70.66751
14.6	437.4121	255.9775	69.70301	437.39946	255.59357	70.61462
14.62	437.4121	255.9775	70.86526	437.41433	255.44487	70.54117
14.64	437.4121	255.9775	71.25331	437.44249	255.27326	70.43132
14.66	437.4121	254.57103	70.55769	437.48462	255.08681	70.27083
14.68	437.4121	254.57103	70.96821	437.54115	254.89738	70.05068
14.7	437.4121	254.57103	69.8603	437.6119	254.71457	69.76568
14.72	437.4121	254.57103	70.83745	437.69567	254.54537	69.41604
14.74	437.4121	254.57103	69.66681	437.7896	254.39561	69.00559
14.76	438.81857	254.57103	67.82394	437.88858	254.27129	68.54673
14.78	438.81857	253.16456	67.38562	437.98635	254.17978	68.05632
14.8	438.81857	253.16456	66.81464	438.0822	254.12893	67.54738
14.82	437.4121	253.16456	67.15639	438.18207	254.1203	67.02737
14.84	437.4121	254.57103	67.12104	438.29593	254.14767	66.49917
14.86	437.4121	254.57103	67.16713	438.42942	254.19902	65.96616
14.88	438.81857	254.57103	64.11711	438.58111	254.26382	65.43685
14.9	438.81857	254.57103	64.44561	438.74329	254.33448	64.92517
14.92	438.81857	254.57103	64.41378	438.90825	254.40585	64.43903
14.94	440.22504	254.57103	64.06524	439.06888	254.47469	63.98194
14.96	440.22504	254.57103	62.44621	439.21924	254.53906	63.55679
14.98	438.81857	254.57103	62.83851	439.36076	254.59781	63.16539
15	438.81857	254.57103	63.48056	439.50107	254.65007	62.80329
15.02	440.22504	254.57103	61.77987	439.64529	254.69473	62.46374
15.04	438.81857	254.57103	63.0241	439.79502	254.73007	62.14226
15.06	440.22504	254.57103	60.90542	439.95269	254.75342	61.83277
15.08	440.22504	254.57103	61.84977	440.11669	254.76081	61.53178
15.1	440.22504	254.57103	60.8931	440.28568	254.74687	61.23243
15.12	440.22504	254.57103	60.78323	440.4592	254.70473	60.92788
15.14	441.6315	255.9775	60.7801	440.6363	254.62614	60.6097
15.16	440.22504	254.57103	62.01121	440.816	254.50373	60.2685
15.18	440.22504	254.57103	60.34076	441.00157	254.33721	59.89787
15.2	441.6315	254.57103	59.26804	441.19338	254.12878	59.50156
15.22	441.6315	254.57103	58.89834	441.38747	253.88257	59.08764
15.24	441.6315	253.16456	58.1121	441.58152	253.60628	58.66332
15.26	441.6315	253.16456	59.01082	441.77515	253.31128	58.23371
15.28	441.6315	253.16456	57.75892	441.96837	253.00732	57.8018
15.3	441.6315	251.75809	56.03861	442.16007	252.70297	57.37391
15.32	443.03797	251.75809	57.54351	442.34642	252.40621	56.95541
15.34	443.03797	251.75809	56.22851	442.52126	252.11931	56.54525
15.36	443.03797	251.75809	56.29385	442.6821	251.83935	56.14335
15.38	443.03797	251.75809	57.1617	442.8306	251.56052	55.74889
15.4	443.03797	251.75809	55.59501	442.97127	251.27636	55.36333
15.42	443.03797	251.75809	54.03145	443.11029	250.982	54.99618
15.44	443.03797	251.75809	54.35296	443.25439	250.67641	54.65874
15.46	443.03797	250.35162	53.77537	443.4097	250.36481	54.35713
15.48	443.03797	248.94515	53.28613	443.58061	250.05917	54.09372
15.5	443.03797	248.94515	54.40951	443.76851	249.77137	53.86634
15.52	444.44444	248.94515	53.69787	443.97045	249.50623	53.66845
15.54	444.44444	248.94515	53.57102	444.17949	249.26192	53.49536
15.56	444.44444	248.94515	53.57027	444.39058	249.03213	53.34339
15.58	444.44444	248.94515	54.74304	444.60079	248.80796	53.20956
15.6	444.44444	248.94515	53.53979	444.80764	248.57984	53.09428
15.62	444.44444	248.94515	51.58248	445.00738	248.33929	53.00702
15.64	445.85091	247.53868	52.29089	445.19339	248.08076	52.95975
15.66	445.85091	247.53868	52.74345	445.35643	247.8017	52.95656
15.68	445.85091	247.53868	52.64516	445.49066	247.49713	52.99581
15.7	445.85091	247.53868	52.62989	445.59426	247.16	53.07335
15.72	445.85091	247.53868	52.74763	445.6683	246.78363	53.1823
15.74	445.85091	246.13221	53.68337	445.71597	246.36441	53.31235
15.76	445.85091	246.13221	53.84541	445.74192	245.90299	53.4508
15.78	445.85091	246.13221	53.65377	445.75193	245.40004	53.58687
15.8	445.85091	244.72574	55.96876	445.75268	244.85815	53.71245
15.82	445.85091	244.72574	54.87274	445.75164	244.28393	53.82333
15.84	445.85091	243.31927	53.85489	445.75705	243.68486	53.92882
15.86	444.44444	243.31927	52.20449	445.77797	243.07009	54.0467
15.88	445.85091	241.9128	53.52455	445.8223	242.44775	54.19332
15.9	445.85091	241.9128	54.52832	445.891	241.82611	54.37422
15.92	445.85091	240.50633	53.23981	445.98334	241.21103	54.58914
15.94	445.85091	240.50633	54.66255	446.09825	240.60717	54.83592
15.96	445.85091	240.50633	55.17124	446.23358	240.01543	55.10522
15.98	445.85091	239.09986	55.25918	446.38516	239.43589	55.38506
16	447.25738	239.09986	56.26897	446.54575	238.87065	55.66339
16.02	447.25738	237.69339	57.24452	446.70569	238.32098	55.92841
16.04	447.25738	237.69339	56.53954	446.85915	237.78811	56.17313
16.06	447.25738	237.69339	56.34691	447.0047	237.27007	56.39884
16.08	447.25738	236.28692	55.91491	447.14414	236.76415	56.61051
16.1	447.25738	236.28692	56.53755	447.28124	236.26911	56.81235
16.12	447.25738	236.28692	56.64658	447.42073	235.78175	57.00446
16.14	447.25738	234.88045	57.84031	447.56712	235.29903	57.18405
16.16	447.25738	234.88045	57.59992	447.72361	234.82004	57.34696
16.18	447.25738	234.88045	57.57243	447.89091	234.3424	57.49236
16.2	448.66385	233.47398	57.70744	448.066	233.86423	57.62177
16.22	448.66385	233.47398	58.17193	448.24264	233.38604	57.73756
16.24	448.66385	233.47398	58.06286	448.41751	232.90714	57.84326
16.26	448.66385	232.06751	57.39357	448.59066	232.4275	57.94513
16.28	448.66385	232.06751	57.36581	448.76409	231.94979	58.05042
16.3	448.66385	232.06751	57.75644	448.94041	231.47563	58.16285
16.32	448.66385	230.66104	59.65366	449.12141	231.00761	58.28118
16.34	448.66385	230.66104	57.68839	449.30666	230.55115	58.40297
16.36	450.07032	229.25457	58.07774	449.49208	230.11078	58.53154
16.38	450.07032	229.25457	58.89558	449.67033	229.68998	58.66768
16.4	450.07032	229.25457	60.09137	449.8368	229.28726	58.80909
16.42	450.07032	229.25457	58.55863	449.99012	228.89762	58.95578
16.44	450.07032	229.25457	59.10841	450.13079	228.51578	59.11438
16.46	450.07032	227.8481	58.80148	450.25998	228.13931	59.29111
16.48	450.07032	227.8481	58.56067	450.37838	227.76978	59.49095
16.5	450.07032	227.8481	58.89361	450.48517	227.40833	59.71505
16.52	450.07032	226.44163	59.61287	450.57712	227.05669	59.95785
16.54	451.47679	226.44163	60.80313	450.64766	226.71823	60.2077
16.56	451.47679	226.44163	60.4477	450.6881	226.39325	60.45084
16.58	451.47679	226.44163	61.60929	450.69453	226.07984	60.6762
16.6	451.47679	225.03516	62.13788	450.6694	225.77644	60.87473
16.62	450.07032	225.03516	61.17837	450.62145	225.48251	61.04403
16.64	450.07032	225.03516	61.5073	450.56401	225.19344	61.18985
16.66	450.07032	225.03516	60.70246	450.50793	224.90104	61.32077
16.68	450.07032	225.03516	59.70428	450.46007	224.59585	61.44642
16.7	451.47679	225.03516	64.20548	450.42382	224.26952	61.57121
16.72	450.07032	223.62869	61.54261	450.40129	223.91723	61.69298
16.74	450.07032	223.62869	60.49293	450.39924	223.53842	61.82109
16.76	450.07032	223.62869	60.61911	450.42364	223.13216	61.9658
16.78	450.07032	222.22222	62.67769	450.47779	222.69827	62.12835
16.8	450.07032	222.22222	62.96558	450.56215	222.2387	62.30173
16.82	450.07032	222.22222	62.58976	450.67383	221.7535	62.48097
16.84	451.47679	220.81575	63.3159	450.80604	221.24262	62.66549
16.86	451.47679	220.81575	63.3793	450.94895	220.70792	62.85706
16.88	451.47679	220.81575	61.40923	451.09624	220.14977	63.06175
16.9	451.47679	219.40928	64.06905	451.24581	219.56941	63.28708
16.92	451.47679	219.40928	62.00112	451.39856	218.97156	63.53349
16.94	451.47679	218.00281	63.85051	451.55727	218.36157	63.80137
16.96	451.47679	218.00281	64.12099	451.72532	217.74642	64.08402
16.98	451.47679	216.59634	65.02403	451.90542	217.13212	64.37304
17	451.47679	216.59634	63.32316	452.09832	216.52484	64.66114
17.02	452.88326	215.18987	66.36402	452.30128	215.92833	64.94276
17.04	452.88326	215.18987	65.55224	452.50848	215.34502	65.208
17.06	452.88326	215.18987	64.56443	452.71687	214.77331	65.45319
17.08	452.88326	213.7834	66.97046	452.92638	214.21035	65.6772
17.1	452.88326	213.7834	67.05126	453.13829	213.6547	65.87635
17.12	452.88326	213.7834	64.55275	453.35351	213.1034	66.05423
17.14	452.88326	212.37693	64.80248	453.57093	212.55451	66.22043
17.16	454.28973	212.37693	67.39602	453.78565	212.00964	66.37618
17.18	454.28973	210.97046	66.62368	453.98918	211.47085	66.51456
17.2	454.28973	210.97046	66.38625	454.17518	210.94126	66.63229
17.22	454.28973	210.97046	67.44296	454.33974	210.42185	66.72774
17.24	454.28973	209.56399	66.30521	454.47991	209.91381	66.79906
17.26	454.28973	209.56399	65.38568	454.59235	209.42084	66.84721
17.28	455.6962	208.15752	67.49975	454.67225	208.94569	66.86954
17.3	455.6962	208.15752	67.96707	454.7143	208.49035	66.85579
17.32	455.6962	208.15752	68.59272	454.71953	208.05238	66.79858
17.34	454.28973	208.15752	66.72388	454.69689	207.62663	66.69971
17.36	454.28973	206.75105	66.1952	454.66129	207.20879	66.57201
17.38	454.28973	206.75105	65.7505	454.62628	206.79692	66.43036
17.4	454.28973	206.75105	66.56104	454.60244	206.38726	66.28675
17.42	454.28973	205.34459	66.71827	454.59764	205.97569	66.14941
17.44	454.28973	205.34459	64.00143	454.61722	205.55914	66.02787
17.46	454.28973	205.34459	67.03834	454.66405	205.13137	65.93238
17.48	454.28973	205.34459	66.67949	454.73832	204.68442	65.86461
17.5	454.28973	203.93812	64.18247	454.8372	204.21209	65.83051
17.52	455.6962	203.93812	65.41789	454.95426	203.7116	65.83966
17.54	454.28973	203.93812	64.88332	455.08051	203.17989	65.89336
17.56	455.6962	202.53165	66.13462	455.20917	202.61576	65.98715
17.58	455.6962	202.53165	66.53114	455.33085	202.02223	66.11081
17.6	455.6962	201.12518	66.62161	455.4382	201.40358	66.25411
17.62	455.6962	201.12518	66.64356	455.52682	200.7663	66.40976
17.64	455.6962	199.71871	66.80216	455.59438	200.11655	66.5733
17.66	455.6962	199.71871	66.85721	455.63994	199.46153	66.7423
17.68	455.6962	198.31224	66.536	455.66341	198.80711	66.91602
17.7	455.6962	198.31224	68.09715	455.66515	198.15937	67.09412
17.72	455.6962	196.90577	66.25399	455.64586	197.52226	67.27575
17.74	455.6962	196.90577	67.38336	455.60647	196.89911	67.46352
17.76	455.6962	196.90577	68.06476	455.54836	196.29014	67.65581
17.78	455.6962	195.4993	68.68147	455.47366	195.69563	67.84979
17.8	455.6962	195.4993	68.60072	455.38568	195.11887	68.04578
17.82	455.6962	194.09283	66.94157	455.28954	194.56344	68.24984
17.84	455.6962	194.09283	68.06882	455.19286	194.03406	68.47033
17.86	454.28973	194.09283	68.02814	455.1065	193.53353	68.70886
17.88	454.28973	192.68636	69.8031	455.04345	193.06506	68.96224
17.9	455.6962	192.68636	68.8548	455.01204	192.63445	69.22425
17.92	455.6962	192.68636	69.32572	455.01637	192.24625	69.49174
17.94	454.28973	191.27989	71.3536	455.06412	191.90542	69.76049
17.96	454.28973	191.27989	69.93654	455.16646	191.61845	70.02704
17.98	454.28973	191.27989	69.87956	455.33016	191.38868	70.29606
18	455.6962	189.87342	71.76601	455.55492	191.21664	70.57332
18.02	455.6962	189.87342	70.69454	455.83391	191.10003	70.86383
18.04	455.6962	191.27989	70.11553	456.15948	191.02765	71.17816
18.06	457.10267	191.27989	70.57709	456.52282	190.98028	71.52619
18.08	457.10267	191.27989	71.517	456.91324	190.93883	71.9106
18.1	457.10267	191.27989	70.33087	457.32279	190.88658	72.32712
18.12	458.50914	191.27989	73.88549	457.74497	190.80956	72.76543
18.14	458.50914	191.27989	73.50314	458.17341	190.69697	73.20555
18.16	458.50914	191.27989	73.85934	458.60597	190.54183	73.63121
18.18	458.50914	191.27989	75.8114	459.04316	190.34185	74.0295
18.2	459.91561	189.87342	75.00803	459.48472	190.10073	74.39153
18.22	459.91561	189.87342	74.71523	459.92801	189.82783	74.719
18.24	459.91561	189.87342	76.12238	460.37194	189.53259	75.01928
18.26	461.32208	188.46695	73.93437	460.81531	189.22489	75.302
18.28	461.32208	188.46695	75.45504	461.25516	188.91545	75.58085
18.3	461.32208	188.46695	75.04017	461.69073	188.61079	75.86353
18.32	462.72855	188.46695	74.57107	462.12176	188.31388	76.15414
18.34	462.72855	188.46695	75.11401	462.54695	188.0265	76.45014
18.36	462.72855	187.06048	79.901	462.96798	187.75166	76.73766
18.38	462.72855	187.06048	78.95789	463.38799	187.49398	76.99783
18.4	464.13502	187.06048	76.67255	463.8082	187.25442	77.22945
18.42	464.13502	187.06048	78.28207	464.22643	187.03045	77.44525
18.44	464.13502	187.06048	77.3499	464.64126	186.81796	77.65871
18.46	465.54149	187.06048	75.64476	465.05052	186.61308	77.88661
18.48	465.54149	185.65401	79.8915	465.44988	186.41387	78.14224
18.5	465.54149	187.06048	76.97431	465.8371	186.22005	78.42882
18.52	466.94796	185.65401	78.45223	466.21065	186.02906	78.75401
18.54	466.94796	185.65401	78.36203	466.56856	185.84125	79.11962
18.56	466.94796	185.65401	79.57067	466.91288	185.65589	79.52292
18.58	466.94796	185.65401	80.2	467.24872	185.47073	79.95679
18.6	466.94796	185.65401	80.01243	467.58147	185.2835	80.4137
18.62	468.35443	185.65401	79.47321	467.91414	185.09339	80.88693
18.64	468.35443	184.24754	82.01907	468.24654	184.90259	81.36607
18.66	468.35443	184.24754	82.8691	468.58012	184.71586	81.83351
18.68	468.35443	184.24754	83.50154	468.9172	184.53461	82.27461
18.7	469.7609	184.24754	82.59087	469.25829	184.3565	82.68276
18.72	469.7609	184.24754	82.34388	469.60126	184.17689	83.05915
18.74	469.7609	184.24754	84.23122	469.94614	183.99027	83.40515
18.76	469.7609	184.24754	83.83967	470.29421	183.79171	83.71929
18.78	471.16737	184.24754	83.1	470.6453	183.57834	84.00373
18.8	471.16737	182.84107	84.87325	470.9968	183.35096	84.26115
18.82	471.16737	182.84107	86.58804	471.34844	183.11387	84.4904
18.84	471.16737	182.84107	84.47219	471.70129	182.86916	84.69519
18.86	472.57384	182.84107	84.0064	472.05498	182.61678	84.8909
18.88	472.57384	182.84107	84.19517	472.40675	182.35644	85.09336
18.9	472.57384	181.4346	84.60007	472.75609	182.08967	85.31218
18.92	472.57384	181.4346	85.58881	473.10387	181.81999	85.55007
18.94	473.98031	181.4346	86.59554	473.44947	181.54758	85.80479
18.96	473.98031	181.4346	86.657	473.78992	181.26954	86.07441
18.98	473.98031	181.4346	86.05864	474.12465	180.98206	86.36206
19	473.98031	181.4346	85.21085	474.45458	180.68269	86.67461
19.02	475.38678	180.02813	86.37804	474.7795	180.37258	87.01612
19.04	475.38678	180.02813	87.72446	475.09731	180.05706	87.38164
19.06	475.38678	180.02813	86.93909	475.40886	179.74056	87.76128
19.08	475.38678	178.62166	89.6663	475.71735	179.4273	88.14507
19.1	475.38678	178.62166	89.6183	476.02581	179.12191	88.52113
19.12	476.79325	178.62166	88.55937	476.3346	178.82446	88.88604
19.14	476.79325	178.62166	89.82102	476.64088	178.53099	89.24383
19.16	476.79325	178.62166	90.08954	476.94359	178.23593	89.59902
19.18	476.79325	178.62166	88.46816	477.24287	177.93442	89.9594
19.2	478.19972	177.21519	89.9146	477.53771	177.62471	90.3342
19.22	478.19972	177.21519	91.55539	477.82536	177.30867	90.72475
19.24	478.19972	177.21519	90.18067	478.10648	176.98678	91.12931
19.26	478.19972	177.21519	91.14104	478.38476	176.65878	91.54871
19.28	478.19972	175.80872	92.51761	478.66462	176.32625	91.97929
19.3	478.19972	175.80872	91.97809	478.94902	175.99334	92.4147
19.32	479.60619	175.80872	92.41987	479.23718	175.66195	92.85031
19.34	479.60619	175.80872	93.93916	479.5242	175.33248	93.27932
19.36	479.60619	174.40225	94.54597	479.80626	175.00653	93.69291
19.38	479.60619	174.40225	93.41758	480.08022	174.68761	94.08636
19.4	481.01266	174.40225	93.84554	480.34132	174.37627	94.45949
19.42	481.01266	174.40225	95.52737	480.58292	174.07076	94.80885
19.44	481.01266	174.40225	94.98873	480.80191	173.76954	95.12781
19.46	481.01266	172.99578	96.39175	480.99861	173.47372	95.41255
19.48	481.01266	172.99578	96.86061	481.17509	173.18756	95.66077
19.5	481.01266	172.99578	95.04942	481.33353	172.91339	95.87681
19.52	481.01266	172.99578	94.5754	481.47487	172.65197	96.07159
19.54	481.01266	171.58931	98.39303	481.59747	172.40472	96.25126
19.56	482.41913	171.58931	94.9286	481.69604	172.1739	96.4157
19.58	482.41913	171.58931	94.76005	481.76254	171.95711	96.57227
19.6	482.41913	171.58931	97.51453	481.79283	171.74726	96.72082
19.62	481.01266	171.58931	99.45657	481.78812	171.53432	96.85063
19.64	481.01266	171.58931	97.38097	481.75276	171.30698	96.95627
19.66	482.41913	170.18284	95.60983	481.68684	171.0544	97.04782
19.68	482.41913	171.58931	96.69541	481.58643	170.76617	97.13916
19.7	481.01266	171.58931	98.09501	481.45163	170.4287	97.23649
19.72	481.01266	170.18284	96.70309	481.28739	170.03315	97.3429
19.74	481.01266	170.18284	97.34193	481.09703	169.57819	97.46457
19.76	481.01266	170.18284	96.49255	480.88173	169.06562	97.60528
19.78	481.01266	168.77637	98.1349	480.64202	168.50216	97.76581
19.8	481.01266	167.3699	97.8711	480.37952	167.90165	97.94135
19.82	479.60619	167.3699	98.47189	480.09884	167.28016	98.12746
19.84	479.60619	165.96343	98.50484	479.80778	166.65143	98.32031
19.86	479.60619	165.96343	97.88018	479.51212	166.02804	98.51801
19.88	479.60619	164.55696	98.3973	479.21602	165.41894	98.71931
19.9	478.19972	164.55696	99.85362	478.92438	164.83068	98.91935
19.92	478.19972	164.55696	97.92555	478.64337	164.26475	99.11197
19.94	478.19972	163.15049	99.73952	478.37521	163.72045	99.29394
19.96	478.19972	163.15049	99.75592	478.11855	163.19748	99.4576
19.98	478.19972	163.15049	100.17679	477.87063	162.69285	99.59643
20	478.19972	161.74402	99.79813	477.62932	162.20317	99.7069
20.02	476.79325	161.74402	99.76083	477.39514	161.72681	99.78909
20.04	476.79325	161.74402	100.06435	477.17125	161.26032	99.84427
20.06	476.79325	160.33755	99.8452	476.95787	160.80038	99.87402
20.08	476.79325	160.33755	99.96956	476.75219	160.34566	99.88098
20.1	476.79325	160.33755	100.63559	476.55008	159.893	99.86805
20.12	476.79325	158.93108	99.66192	476.34773	159.43914	99.83962
20.14	476.79325	158.93108	99.30532	476.14325	158.98255	99.80401
20.16	475.38678	158.93108	99.45109	475.93835	158.51947	99.76897
20.18	475.38678	158.93108	98.5456	475.73803	158.04578	99.73893
20.2	475.38678	157.52461	99.584	475.54478	157.56062	99.71438
20.22	475.38678	157.52461	100.71584	475.35826	157.06839	99.68885
20.24	475.38678	156.11814	100.65915	475.17683	156.57506	99.65495
20.26	475.38678	156.11814	100.33728	474.99913	156.08838	99.61192
20.28	475.38678	154.71167	98.74612	474.82541	155.6143	99.5667
20.3	473.98031	154.71167	98.92395	474.65907	155.15714	99.53033
20.32	473.98031	154.71167	99.83111	474.50606	154.71585	99.50964
20.34	473.98031	154.71167	99.79469	474.36881	154.28579	99.50756
20.36	473.98031	153.3052	99.12495	474.24549	153.86227	99.52831
20.38	473.98031	153.3052	98.07466	474.13116	153.44215	99.57754
20.4	473.98031	153.3052	98.81098	474.01876	153.01966	99.65711
20.42	473.98031	153.3052	100.51207	473.90001	152.58798	99.75923
20.44	473.98031	151.89873	99.5086	473.76632	152.14257	99.87059
20.46	473.98031	151.89873	99.81218	473.60978	151.68275	99.98028
20.48	473.98031	151.89873	100.55287	473.42423	151.20782	100.07626
20.5	473.98031	150.49226	101.68076	473.20647	150.71878	100.14572
20.52	472.57384	150.49226	99.63412	472.95782	150.22035	100.18023
20.54	472.57384	149.08579	100.99619	472.68396	149.71728	100.17943
20.56	472.57384	149.08579	100.57423	472.38937	149.21464	100.14321
20.58	472.57384	149.08579	101.25067	472.07771	148.71435	100.07562
20.6	471.16737	147.67932	99.70294	471.75413	148.21726	99.98569
20.62	471.16737	147.67932	99.46159	471.42588	147.72534	99.8889
20.64	471.16737	147.67932	99.42249	471.0974	147.2381	99.80021
20.66	471.16737	146.27286	99.12072	470.77108	146.7547	99.73144
20.68	469.7609	146.27286	98.28508	470.44985	146.27594	99.691
20.7	469.7609	146.27286	99.25806	470.13793	145.80064	99.68168
20.72	469.7609	144.86639	100.37888	469.83589	145.32757	99.6974
20.74	469.7609	144.86639	99.36255	469.5413	144.85743	99.72885
20.76	469.7609	144.86639	100.30479	469.25108	144.38907	99.7693
20.78	468.35443	143.45992	100.63223	468.96394	143.92145	99.8117
20.8	468.35443	143.45992	100.02697	468.68076	143.45543	99.85246
20.82	468.35443	143.45992	99.67009	468.39941	142.99007	99.89329
20.84	468.35443	142.05345	99.78792	468.11519	142.52448	99.93763
20.86	468.35443	142.05345	99.24858	467.823	142.05961	99.98778
20.88	468.35443	142.05345	99.25468	467.51968	141.59457	100.04394
20.9	466.94796	140.64698	100.30015	467.20635	141.12839	100.10113
20.92	466.94796	140.64698	100.5085	466.88891	140.66189	100.14946
20.94	466.94796	140.64698	99.18222	466.57309	140.19393	100.17949
20.96	465.54149	139.24051	102.05908	466.26509	139.72326	100.18267
20.98	465.54149	139.24051	101.73868	465.97222	139.25037	100.14809
21	465.54149	139.24051	99.46773	465.69786	138.77376	100.07564
21.02	465.54149	137.83404	101.09824	465.44193	138.29187	99.97536
21.04	465.54149	137.83404	99.02473	465.20305	137.805	99.85767
21.06	465.54149	137.83404	98.64176	464.98065	137.31168	99.73707
21.08	464.13502	136.42757	100.98836	464.77682	136.81065	99.62364
21.1	464.13502	136.42757	98.81621	464.59623	136.303	99.52234
21.12	464.13502	136.42757	98.24506	464.44028	135.78862	99.443
21.14	464.13502	135.0211	99.33835	464.30665	135.26841	99.39192
21.16	464.13502	135.0211	97.62212	464.19053	134.7465	99.36798
21.18	464.13502	133.61463	100.17352	464.08574	134.22694	99.36587
21.2	464.13502	133.61463	99.8565	463.98562	133.71407	99.37199
21.22	464.13502	133.61463	99.36066	463.88392	133.20923	99.37536
21.24	464.13502	132.20816	100.08808	463.77556	132.71294	99.36862
21.26	462.72855	132.20816	100.61638	463.6575	132.22708	99.34595
21.28	464.13502	132.20816	98.9551	463.5277	131.75134	99.30704
21.3	464.13502	130.80169	97.96088	463.38045	131.28526	99.25883
21.32	464.13502	130.80169	98.91452	463.21307	130.83015	99.20634
21.34	462.72855	130.80169	100.70797	463.0289	130.38531	99.14685
21.36	462.72855	130.80169	98.77048	462.83684	129.94978	99.07639
21.38	462.72855	129.39522	99.3195	462.64524	129.52594	98.99855
21.4	462.72855	129.39522	98.26897	462.4616	129.12108	98.91777
21.42	462.72855	127.98875	98.33877	462.29407	128.74328	98.83895
21.44	461.32208	127.98875	99.39523	462.1529	128.40094	98.76328
21.46	461.32208	127.98875	98.64496	462.04994	128.09821	98.68927
21.48	461.32208	127.98875	98.71264	461.99218	127.83592	98.61806
21.5	461.32208	127.98875	97.34155	461.98076	127.61396	98.55155
21.52	461.32208	127.98875	97.75887	462.01139	127.4334	98.49043
21.54	462.72855	126.58228	99.3466	462.07447	127.29825	98.42813
21.56	462.72855	126.58228	101.30296	462.15672	127.215	98.35378
21.58	462.72855	126.58228	97.56104	462.24817	127.18624	98.26436
21.6	462.72855	126.58228	96.79739	462.34343	127.20945	98.17285
21.62	462.72855	126.58228	99.73083	462.44094	127.27718	98.09058
21.64	462.72855	127.98875	97.10558	462.54221	127.37692	98.0228
21.66	462.72855	127.98875	96.96405	462.65103	127.49244	97.98043
21.68	462.72855	127.98875	97.61363	462.77271	127.61052	97.97037
21.7	462.72855	127.98875	98.16975	462.91312	127.72187	97.99237
21.72	462.72855	127.98875	98.08746	463.07777	127.82027	98.04317
21.74	462.72855	127.98875	97.99365	463.27066	127.9016	98.12007
21.76	462.72855	127.98875	98.14037	463.49296	127.96317	98.22062
21.78	464.13502	127.98875	97.26234	463.74148	128.00297	98.34171
21.8	464.13502	127.98875	98.0485	464.00875	128.01923	98.47814
21.82	464.13502	127.98875	98.9739	464.28854	128.01011	98.61831
21.84	464.13502	127.98875	100.05141	464.57562	127.97355	98.74737
21.86	465.54149	127.98875	99.5879	464.86353	127.90736	98.85351
21.88	465.54149	127.98875	99.68449	465.14414	127.80951	98.93334
21.9	465.54149	127.98875	100.27961	465.4129	127.67867	98.99011
21.92	465.54149	127.98875	98.1015	465.66844	127.51497	99.03376
21.94	465.54149	126.58228	99.66316	465.91043	127.32108	99.08087
21.96	465.54149	126.58228	98.22322	466.13754	127.10161	99.14555
21.98	466.94796	126.58228	98.13824	466.34554	126.85717	99.24254
22	466.94796	126.58228	98.65163	466.5273	126.58427	99.38095
22.02	466.94796	126.58228	99.84877	466.67869	126.27725	99.56184
22.04	466.94796	126.58228	98.92277	466.79896	125.93048	99.78127
22.06	466.94796	125.17581	99.914	466.88959	125.54082	100.03473
22.08	466.94796	125.17581	100.56851	466.95324	125.10853	100.31334
22.1	466.94796	125.17581	101.11755	466.99311	124.63286	100.60678
22.12	466.94796	125.17581	101.77106	467.01239	124.1137	100.90663
22.14	466.94796	123.76934	101.28659	467.01392	123.55529	101.20865
22.16	466.94796	122.36287	101.69162	467.00004	122.96857	101.51401
22.18	466.94796	122.36287	101.96177	466.97261	122.3662	101.82567
22.2	466.94796	120.9564	101.33713	466.93309	121.75793	102.14784
22.22	466.94796	120.9564	102.18111	466.88272	121.15158	102.4846
22.24	466.94796	120.9564	102.60526	466.82293	120.55046	102.83547
22.26	466.94796	119.54993	103.50671	466.75564	119.95631	103.19701
22.28	466.94796	119.54993	102.61711	466.68381	119.37221	103.56452
22.3	466.94796	118.14346	104.58122	466.6119	118.79989	103.93341
22.32	466.94796	118.14346	104.4077	466.54654	118.24057	104.2953
22.34	465.54149	118.14346	104.25785	466.49699	117.69212	104.64415
22.36	465.54149	116.73699	107.16583	466.47385	117.15159	104.97488
22.38	465.54149	116.73699	105.66573	466.48189	116.61776	105.28341
22.4	466.94796	116.73699	104.6898	466.51844	116.08796	105.57733
22.42	466.94796	115.33052	105.6217	466.5751	115.56049	105.868
22.44	466.94796	115.33052	106.43202	466.64502	115.03693	106.16224
22.46	466.94796	113.92405	105.44896	466.72432	114.5189	106.46473
22.48	466.94796	113.92405	106.64923	466.81152	114.00849	106.7799
22.5	466.94796	113.92405	107.3643	466.90691	113.5049	107.10697
22.52	466.94796	112.51758	107.07176	467.01189	113.00664	107.44344
22.54	466.94796	112.51758	107.45714	467.12814	112.51369	107.78751
22.56	466.94796	112.51758	108.20163	467.25682	112.024	108.13532
22.58	466.94796	111.11111	109.17195	467.39766	111.53553	108.48083
22.6	466.94796	111.11111	108.9435	467.54787	111.04831	108.81882
22.62	468.35443	111.11111	110.5907	467.70109	110.56087	109.14804
22.64	468.35443	109.70464	108.95613	467.84799	110.07222	109.47071
22.66	468.35443	109.70464	108.42603	467.98264	109.58392	109.79625
22.68	468.35443	109.70464	109.47676	468.10314	109.09642	110.13141
22.7	468.35443	108.29817	110.9667	468.21062	108.61119	110.47411
22.72	468.35443	108.29817	111.05714	468.30819	108.13265	110.81757
22.74	468.35443	106.8917	111.88797	468.40015	107.66458	111.15712
22.76	468.35443	106.8917	112.33304	468.49117	107.21022	111.49098
22.78	468.35443	106.8917	111.74949	468.58555	106.76847	111.82272
22.8	468.35443	106.8917	111.90018	468.68652	106.33568	112.16124
22.82	468.35443	105.48523	111.20275	468.79541	105.90915	112.51585
22.84	468.35443	105.48523	112.71143	468.91093	105.48876	112.89262
22.86	469.7609	105.48523	114.02337	469.02822	105.07287	113.29004
22.88	469.7609	104.07876	113.17713	469.13987	104.65979	113.70483
22.9	469.7609	104.07876	113.4098	469.24243	104.24928	114.13672
22.92	468.35443	104.07876	115.39784	469.33747	103.83828	114.5826
22.94	469.7609	104.07876	115.19371	469.4288	103.42241	115.03588
22.96	469.7609	102.67229	114.80592	469.51614	102.99919	115.49357
22.98	469.7609	102.67229	116.49532	469.6	102.56954	115.95367
23	469.7609	102.67229	115.77282	469.68285	102.13364	116.41146
23.02	469.7609	101.26582	116.90617	469.76843	101.6925	116.86334
23.04	469.7609	101.26582	118.44611	469.86113	101.24958	117.30308
23.06	469.7609	101.26582	118.24759	469.96525	100.80678	117.72536
23.08	469.7609	99.85935	117.20726	470.08426	100.36616	118.13168
23.1	469.7609	99.85935	119.05018	470.22002	99.93154	118.52664
23.12	469.7609	99.85935	118.69203	470.37175	99.5046	118.91129
23.14	471.16737	98.45288	118.2092	470.53499	99.08638	119.28797
23.16	471.16737	98.45288	120.08372	470.70224	98.67891	119.65707
23.18	471.16737	98.45288	120.84164	470.86921	98.281	120.01355
23.2	471.16737	98.45288	120.71039	471.03529	97.88964	120.35429
23.22	471.16737	97.04641	120.05548	471.20228	97.50319	120.68162
23.24	471.16737	97.04641	120.6842	471.37302	97.12263	121.00005
23.26	471.16737	97.04641	121.87202	471.55008	96.74716	121.31081
23.28	471.16737	97.04641	122.85	471.73436	96.37534	121.61333
23.3	472.57384	95.63994	121.43543	471.9237	96.00815	121.9113
23.32	472.57384	95.63994	123.48387	472.11329	95.65004	122.21508
23.34	472.57384	95.63994	122.45539	472.30162	95.30437	122.53585
23.36	472.57384	94.23347	121.60646	472.49087	94.97441	122.89079
23.38	472.57384	94.23347	122.21768	472.68539	94.66423	123.29666
23.4	472.57384	94.23347	123.34229	472.8902	94.3738	123.7618
23.42	472.57384	94.23347	122.87151	473.10941	94.09963	124.28655
23.44	472.57384	94.23347	123.27384	473.34457	93.8371	124.8657
23.46	473.98031	94.23347	127.84009	473.59294	93.58264	125.48381
23.48	473.98031	92.827	126.05981	473.84748	93.33582	126.1182
23.5	473.98031	92.827	127.10442	474.10235	93.09955	126.75657
23.52	473.98031	92.827	126.6689	474.35278	92.87452	127.3899
23.54	475.38678	92.827	129.734	474.59302	92.65923	128.00999
23.56	475.38678	92.827	128.43636	474.81626	92.45177	128.60754
23.58	475.38678	91.42053	128.18526	475.02015	92.25161	129.18128
23.6	475.38678	92.827	131.081	475.20693	92.05927	129.72996
23.62	475.38678	91.42053	131.59703	475.38182	91.87242	130.24863
23.64	475.38678	91.42053	129.8229	475.55146	91.69108	130.73999
23.66	475.38678	91.42053	129.91463	475.72256	91.51353	131.21449
23.68	475.38678	91.42053	132.78104	475.90049	91.3359	131.67778
23.7	475.38678	91.42053	131.65183	476.08796	91.15355	132.12883
23.72	476.79325	91.42053	132.15136	476.28352	90.96253	132.57011
23.74	476.79325	91.42053	133.97393	476.482	90.76106	133.00247
23.76	476.79325	90.01406	133.49681	476.68045	90.551	133.42517
23.78	476.79325	90.01406	133.12172	476.87836	90.33764	133.84222
